0.0 1e-06
0.001 4e-06
0.002 1.3e-05
0.003 2.8e-05
0.004 4.9e-05
0.005 7.6e-05
0.006 0.000109
0.007 0.000148
0.008 0.000193
0.009 0.000244
0.01 0.000301
0.011 0.000364
0.012 0.000433
0.013 0.000508
0.014 0.000589
0.015 0.000676
0.016 0.000769
0.017 0.000868
0.018 0.000973
0.019 0.001084
0.02 0.001201
0.021 0.001324
0.022 0.001453
0.023 0.001588
0.024 0.001729
0.025 0.001876
0.026 0.002029
0.027 0.002188
0.028 0.002353
0.029 0.002524
0.03 0.002701
0.031 0.002884
0.032 0.003073
0.033 0.003268
0.034 0.003469
0.035 0.003676
0.036 0.003889
0.037 0.004108
0.038 0.004333
0.039 0.004564
0.04 0.004801
0.041 0.005044
0.042 0.005293
0.043 0.005548
0.044 0.005809
0.045 0.006076
0.046 0.006349
0.047 0.006628
0.048 0.006913
0.049 0.007204
0.05 0.007501
0.051 0.007804
0.052 0.008113
0.053 0.008428
0.054 0.008749
0.055 0.009076
0.056 0.009409
0.057 0.009748
0.058 0.010093
0.059 0.010444
0.06 0.010801
0.061 0.011164
0.062 0.011533
0.063 0.011908
0.064 0.012289
0.065 0.012676
0.066 0.013069
0.067 0.013468
0.068 0.013873
0.069 0.014284
0.07 0.014701
0.071 0.015124
0.072 0.015553
0.073 0.015988
0.074 0.016429
0.075 0.016876
0.076 0.017329
0.077 0.017788
0.078 0.018253
0.079 0.018724
0.08 0.019201
0.081 0.019684
0.082 0.020173
0.083 0.020668
0.084 0.021169
0.085 0.021676
0.086 0.022189
0.087 0.022708
0.088 0.023233
0.089 0.023764
0.09 0.024301
0.091 0.024844
0.092 0.025393
0.093 0.025948
0.094 0.026509
0.095 0.027076
0.096 0.027649
0.097 0.028228
0.098 0.028813
0.099 0.029404
0.1 0.030001
0.101 0.030604
0.102 0.031213
0.103 0.031828
0.104 0.032449
0.105 0.033076
0.106 0.033709
0.107 0.034348
0.108 0.034993
0.109 0.035644
0.11 0.036301
0.111 0.036964
0.112 0.037633
0.113 0.038308
0.114 0.038989
0.115 0.039676
0.116 0.040369
0.117 0.041068
0.118 0.041773
0.119 0.042484
0.12 0.043201
0.121 0.043924
0.122 0.044653
0.123 0.045388
0.124 0.046129
0.125 0.046876
0.126 0.047629
0.127 0.048388
0.128 0.049153
0.129 0.049924
0.13 0.050701
0.131 0.051484
0.132 0.052273
0.133 0.053068
0.134 0.053869
0.135 0.054676
0.136 0.055489
0.137 0.056308
0.138 0.057133
0.139 0.057964
0.14 0.058801
0.141 0.059644
0.142 0.060493
0.143 0.061348
0.144 0.062209
0.145 0.063076
0.146 0.063949
0.147 0.064828
0.148 0.065713
0.149 0.066604
0.15 0.067501
0.151 0.068404
0.152 0.069313
0.153 0.070228
0.154 0.071149
0.155 0.072076
0.156 0.073009
0.157 0.073948
0.158 0.074893
0.159 0.075844
0.16 0.076801
0.161 0.077764
0.162 0.078733
0.163 0.079708
0.164 0.080689
0.165 0.081676
0.166 0.082669
0.167 0.083668
0.168 0.084673
0.169 0.085684
0.17 0.086701
0.171 0.087724
0.172 0.088753
0.173 0.089788
0.174 0.090829
0.175 0.091876
0.176 0.092929
0.177 0.093988
0.178 0.095053
0.179 0.096124
0.18 0.097201
0.181 0.098284
0.182 0.099373
0.183 0.100468
0.184 0.101569
0.185 0.102676
0.186 0.103789
0.187 0.104908
0.188 0.106033
0.189 0.107164
0.19 0.108301
0.191 0.109444
0.192 0.110593
0.193 0.111748
0.194 0.112909
0.195 0.114076
0.196 0.115249
0.197 0.116428
0.198 0.117613
0.199 0.118804
0.2 0.120001
0.201 0.121204
0.202 0.122413
0.203 0.123628
0.204 0.124849
0.205 0.126076
0.206 0.127309
0.207 0.128548
0.208 0.129793
0.209 0.131044
0.21 0.132301
0.211 0.133564
0.212 0.134833
0.213 0.136108
0.214 0.137389
0.215 0.138678
0.216 0.139968
0.217 0.141265
0.218 0.142575
0.219 0.143885
0.22 0.1452
0.221 0.146525
0.222 0.147855
0.223 0.149185
0.224 0.15053
0.225 0.15188
0.226 0.153225
0.227 0.154585
0.228 0.155955
0.229 0.157325
0.23 0.1587
0.231 0.160085
0.232 0.161475
0.233 0.162865
0.234 0.16427
0.235 0.16568
0.236 0.167085
0.237 0.168505
0.238 0.169935
0.239 0.171365
0.24 0.1728
0.241 0.174245
0.242 0.175695
0.243 0.177145
0.244 0.178605
0.245 0.18008
0.246 0.18155
0.247 0.183025
0.248 0.184515
0.249 0.186005
0.25 0.1875
0.251 0.189005
0.252 0.190515
0.253 0.192025
0.254 0.193545
0.255 0.19508
0.256 0.19661
0.257 0.198145
0.258 0.199695
0.259 0.201245
0.26 0.2028
0.261 0.204365
0.262 0.205935
0.263 0.207505
0.264 0.20909
0.265 0.21068
0.266 0.212265
0.267 0.213865
0.268 0.215475
0.269 0.217085
0.27 0.2187
0.271 0.220325
0.272 0.221955
0.273 0.223585
0.274 0.22523
0.275 0.22688
0.276 0.228525
0.277 0.230185
0.278 0.231855
0.279 0.233525
0.28 0.2352
0.281 0.236885
0.282 0.238575
0.283 0.240265
0.284 0.24197
0.285 0.24368
0.286 0.245385
0.287 0.247105
0.288 0.248835
0.289 0.250565
0.29 0.2523
0.291 0.254045
0.292 0.255795
0.293 0.257545
0.294 0.259305
0.295 0.26108
0.296 0.26285
0.297 0.264625
0.298 0.266415
0.299 0.268205
0.3 0.27
0.301 0.271805
0.302 0.273615
0.303 0.275425
0.304 0.277245
0.305 0.27908
0.306 0.28091
0.307 0.282745
0.308 0.284595
0.309 0.286445
0.31 0.2883
0.311 0.290165
0.312 0.292035
0.313 0.293905
0.314 0.29579
0.315 0.29768
0.316 0.299565
0.317 0.301465
0.318 0.303375
0.319 0.305285
0.32 0.3072
0.321 0.309125
0.322 0.311055
0.323 0.312985
0.324 0.31493
0.325 0.31688
0.326 0.318825
0.327 0.320785
0.328 0.322755
0.329 0.324725
0.33 0.3267
0.331 0.328685
0.332 0.330675
0.333 0.332665
0.334 0.33467
0.335 0.33668
0.336 0.338685
0.337 0.340705
0.338 0.342735
0.339 0.344765
0.34 0.3468
0.341 0.348845
0.342 0.350895
0.343 0.352945
0.344 0.35501
0.345 0.35708
0.346 0.359145
0.347 0.361225
0.348 0.363315
0.349 0.365405
0.35 0.3675
0.351 0.369605
0.352 0.371715
0.353 0.373825
0.354 0.375945
0.355 0.37808
0.356 0.38021
0.357 0.382345
0.358 0.384495
0.359 0.386645
0.36 0.3888
0.361 0.390965
0.362 0.393135
0.363 0.395305
0.364 0.397485
0.365 0.39968
0.366 0.40187
0.367 0.404065
0.368 0.406275
0.369 0.408485
0.37 0.4107
0.371 0.412925
0.372 0.415155
0.373 0.417385
0.374 0.41963
0.375 0.42188
0.376 0.424125
0.377 0.426385
0.378 0.428655
0.379 0.430925
0.38 0.4332
0.381 0.435485
0.382 0.437775
0.383 0.440065
0.384 0.44237
0.385 0.44468
0.386 0.446985
0.387 0.449305
0.388 0.451635
0.389 0.453965
0.39 0.4563
0.391 0.458645
0.392 0.460995
0.393 0.463345
0.394 0.46571
0.395 0.46808
0.396 0.470445
0.397 0.472825
0.398 0.475215
0.399 0.477605
0.4 0.48
0.401 0.482405
0.402 0.484815
0.403 0.487225
0.404 0.48965
0.405 0.49208
0.406 0.494505
0.407 0.496945
0.408 0.499395
0.409 0.501845
0.41 0.5043
0.411 0.506765
0.412 0.509235
0.413 0.511705
0.414 0.51419
0.415 0.51668
0.416 0.519165
0.417 0.521665
0.418 0.524175
0.419 0.526685
0.42 0.5292
0.421 0.531725
0.422 0.534255
0.423 0.536785
0.424 0.539325
0.425 0.54188
0.426 0.54443
0.427 0.546985
0.428 0.549555
0.429 0.552125
0.43 0.5547
0.431 0.557285
0.432 0.559875
0.433 0.562465
0.434 0.56507
0.435 0.56768
0.436 0.570285
0.437 0.572905
0.438 0.575535
0.439 0.578165
0.44 0.5808
0.441 0.583445
0.442 0.586095
0.443 0.588745
0.444 0.59141
0.445 0.59408
0.446 0.596745
0.447 0.599425
0.448 0.602115
0.449 0.604805
0.45 0.6075
0.451 0.610205
0.452 0.612915
0.453 0.615625
0.454 0.61835
0.455 0.62108
0.456 0.623805
0.457 0.626545
0.458 0.629295
0.459 0.632045
0.46 0.6348
0.461 0.637565
0.462 0.640335
0.463 0.643105
0.464 0.645875
0.465 0.64868
0.466 0.6515
0.467 0.65425
0.468 0.65705
0.469 0.6599
0.47 0.6627
0.471 0.6655
0.472 0.66835
0.473 0.6712
0.474 0.67405
0.475 0.6769
0.476 0.6797
0.477 0.6826
0.478 0.68545
0.479 0.6883
0.48 0.6912
0.481 0.6941
0.482 0.697
0.483 0.69985
0.484 0.70275
0.485 0.7057
0.486 0.7086
0.487 0.7115
0.488 0.71445
0.489 0.71735
0.49 0.7203
0.491 0.72325
0.492 0.7262
0.493 0.72915
0.494 0.7321
0.495 0.73505
0.496 0.73805
0.497 0.74105
0.498 0.744
0.499 0.747
0.5 0.75
0.501 0.753
0.502 0.756
0.503 0.75905
0.504 0.76205
0.505 0.76505
0.506 0.7681
0.507 0.77115
0.508 0.7742
0.509 0.77725
0.51 0.7803
0.511 0.78335
0.512 0.78645
0.513 0.7895
0.514 0.7926
0.515 0.7957
0.516 0.79875
0.517 0.80185
0.518 0.805
0.519 0.8081
0.52 0.8112
0.521 0.8143
0.522 0.81745
0.523 0.8206
0.524 0.8237
0.525 0.8269
0.526 0.83005
0.527 0.8332
0.528 0.83635
0.529 0.8395
0.53 0.8427
0.531 0.8459
0.532 0.84905
0.533 0.85225
0.534 0.8555
0.535 0.8587
0.536 0.8619
0.537 0.8651
0.538 0.8683
0.539 0.87155
0.54 0.8748
0.541 0.87805
0.542 0.8813
0.543 0.88455
0.544 0.8878
0.545 0.89105
0.546 0.89435
0.547 0.89765
0.548 0.9009
0.549 0.9042
0.55 0.90755
0.551 0.9108
0.552 0.9141
0.553 0.91745
0.554 0.92075
0.555 0.92405
0.556 0.9274
0.557 0.93075
0.558 0.9341
0.559 0.93745
0.56 0.9408
0.561 0.94415
0.562 0.9475
0.563 0.9509
0.564 0.9543
0.565 0.9577
0.566 0.9611
0.567 0.96445
0.568 0.96785
0.569 0.9713
0.57 0.9747
0.571 0.9781
0.572 0.98155
0.573 0.985
0.574 0.98845
0.575 0.9919
0.576 0.9953
0.577 0.9988
0.578 1.00225
0.579 1.0057
0.58 1.0092
0.581 1.0127
0.582 1.0162
0.583 1.01965
0.584 1.02315
0.585 1.0267
0.586 1.0302
0.587 1.0337
0.588 1.03725
0.589 1.04075
0.59 1.0443
0.591 1.04785
0.592 1.0514
0.593 1.05495
0.594 1.0585
0.595 1.06205
0.596 1.06565
0.597 1.06925
0.598 1.0728
0.599 1.0764
0.6 1.08
0.601 1.0836
0.602 1.0872
0.603 1.09085
0.604 1.09445
0.605 1.09805
0.606 1.1017
0.607 1.10535
0.608 1.109
0.609 1.11265
0.61 1.1163
0.611 1.11995
0.612 1.12365
0.613 1.1273
0.614 1.131
0.615 1.1347
0.616 1.13835
0.617 1.14205
0.618 1.1458
0.619 1.1495
0.62 1.1532
0.621 1.1569
0.622 1.16065
0.623 1.1644
0.624 1.1681
0.625 1.1719
0.626 1.17565
0.627 1.1794
0.628 1.18315
0.629 1.1869
0.63 1.1907
0.631 1.1945
0.632 1.19825
0.633 1.20205
0.634 1.2059
0.635 1.2097
0.636 1.2135
0.637 1.2173
0.638 1.2211
0.639 1.22495
0.64 1.2288
0.641 1.23265
0.642 1.2365
0.643 1.24035
0.644 1.2442
0.645 1.24805
0.646 1.25195
0.647 1.25585
0.648 1.2597
0.649 1.2636
0.65 1.26755
0.651 1.2714
0.652 1.2753
0.653 1.27925
0.654 1.28315
0.655 1.28705
0.656 1.291
0.657 1.29495
0.658 1.2989
0.659 1.30285
0.66 1.3068
0.661 1.31075
0.662 1.3147
0.663 1.3187
0.664 1.3227
0.665 1.3267
0.666 1.3307
0.667 1.33465
0.668 1.33865
0.669 1.3427
0.67 1.3467
0.671 1.3507
0.672 1.35475
0.673 1.3588
0.674 1.36285
0.675 1.3669
0.676 1.3709
0.677 1.375
0.678 1.37905
0.679 1.3831
0.68 1.3872
0.681 1.3913
0.682 1.3954
0.683 1.39945
0.684 1.40355
0.685 1.4077
0.686 1.4118
0.687 1.4159
0.688 1.42005
0.689 1.42415
0.69 1.4283
0.691 1.43245
0.692 1.4366
0.693 1.44075
0.694 1.4449
0.695 1.44905
0.696 1.45325
0.697 1.45745
0.698 1.4616
0.699 1.4658
0.7 1.47
0.701 1.4742
0.702 1.4784
0.703 1.48265
0.704 1.48685
0.705 1.49105
0.706 1.4953
0.707 1.49955
0.708 1.5038
0.709 1.50805
0.71 1.5123
0.711 1.51655
0.712 1.52085
0.713 1.5251
0.714 1.5294
0.715 1.5337
0.716 1.53795
0.717 1.54225
0.718 1.5466
0.719 1.5509
0.72 1.5552
0.721 1.5595
0.722 1.56385
0.723 1.5682
0.724 1.5725
0.725 1.5769
0.726 1.58125
0.727 1.5856
0.728 1.58995
0.729 1.5943
0.73 1.5987
0.731 1.6031
0.732 1.60745
0.733 1.61185
0.734 1.6163
0.735 1.6207
0.736 1.6251
0.737 1.6295
0.738 1.6339
0.739 1.63835
0.74 1.6428
0.741 1.64725
0.742 1.6517
0.743 1.65615
0.744 1.6606
0.745 1.66505
0.746 1.66955
0.747 1.67405
0.748 1.6785
0.749 1.683
0.75 1.68755
0.751 1.692
0.752 1.6965
0.753 1.70105
0.754 1.70555
0.755 1.71005
0.756 1.7146
0.757 1.71915
0.758 1.7237
0.759 1.72825
0.76 1.7328
0.761 1.73735
0.762 1.7419
0.763 1.7465
0.764 1.7511
0.765 1.7557
0.766 1.7603
0.767 1.76485
0.768 1.76945
0.769 1.7741
0.77 1.7787
0.771 1.7833
0.772 1.78795
0.773 1.7926
0.774 1.79725
0.775 1.8019
0.776 1.8065
0.777 1.8112
0.778 1.81585
0.779 1.8205
0.78 1.8252
0.781 1.8299
0.782 1.8346
0.783 1.83925
0.784 1.84395
0.785 1.8487
0.786 1.8534
0.787 1.8581
0.788 1.86285
0.789 1.86755
0.79 1.8723
0.791 1.87705
0.792 1.8818
0.793 1.88655
0.794 1.8913
0.795 1.89605
0.796 1.90085
0.797 1.90565
0.798 1.9104
0.799 1.9152
0.8 1.92
0.801 1.9248
0.802 1.9296
0.803 1.93445
0.804 1.93925
0.805 1.94405
0.806 1.9489
0.807 1.95375
0.808 1.9586
0.809 1.96345
0.81 1.9683
0.811 1.97315
0.812 1.97805
0.813 1.9829
0.814 1.9878
0.815 1.9927
0.816 1.99755
0.817 2.00245
0.818 2.0074
0.819 2.0123
0.82 2.0172
0.821 2.0221
0.822 2.02705
0.823 2.032
0.824 2.0369
0.825 2.0419
0.826 2.04685
0.827 2.0518
0.828 2.05675
0.829 2.0617
0.83 2.0667
0.831 2.0717
0.832 2.07665
0.833 2.08165
0.834 2.0867
0.835 2.0917
0.836 2.0967
0.837 2.1017
0.838 2.1067
0.839 2.11175
0.84 2.1168
0.841 2.12185
0.842 2.1269
0.843 2.13195
0.844 2.137
0.845 2.14205
0.846 2.14715
0.847 2.15225
0.848 2.1573
0.849 2.1624
0.85 2.16755
0.851 2.1726
0.852 2.1777
0.853 2.18285
0.854 2.18795
0.855 2.19305
0.856 2.1982
0.857 2.20335
0.858 2.2085
0.859 2.21365
0.86 2.2188
0.861 2.22395
0.862 2.2291
0.863 2.2343
0.864 2.2395
0.865 2.2447
0.866 2.2499
0.867 2.25505
0.868 2.26025
0.869 2.2655
0.87 2.2707
0.871 2.2759
0.872 2.28115
0.873 2.2864
0.874 2.29165
0.875 2.2969
0.876 2.3021
0.877 2.3074
0.878 2.31265
0.879 2.3179
0.88 2.3232
0.881 2.3285
0.882 2.3338
0.883 2.33905
0.884 2.34435
0.885 2.3497
0.886 2.355
0.887 2.3603
0.888 2.36565
0.889 2.37095
0.89 2.3763
0.891 2.38165
0.892 2.387
0.893 2.39235
0.894 2.3977
0.895 2.40305
0.896 2.40845
0.897 2.41385
0.898 2.4192
0.899 2.4246
0.9 2.43
0.901 2.4354
0.902 2.4408
0.903 2.44625
0.904 2.45165
0.905 2.45705
0.906 2.4625
0.907 2.46795
0.908 2.4734
0.909 2.47885
0.91 2.4843
0.911 2.48975
0.912 2.49525
0.913 2.5007
0.914 2.5062
0.915 2.5117
0.916 2.51715
0.917 2.52265
0.918 2.5282
0.919 2.5337
0.92 2.5392
0.921 2.5447
0.922 2.55025
0.923 2.5558
0.924 2.5613
0.925 2.5669
0.926 2.57245
0.927 2.578
0.928 2.58355
0.929 2.5891
0.93 2.5947
0.931 2.6003
0.932 2.60585
0.933 2.61145
0.934 2.6171
0.935 2.6227
0.936 2.6283
0.937 2.6339
0.938 2.6395
0.939 2.64515
0.94 2.6508
0.941 2.65645
0.942 2.6621
0.943 2.66775
0.944 2.6734
0.945 2.67905
0.946 2.68475
0.947 2.69045
0.948 2.6961
0.949 2.7018
0.95 2.70755
0.951 2.7132
0.952 2.7189
0.953 2.72465
0.954 2.73035
0.955 2.73605
0.956 2.7418
0.957 2.74755
0.958 2.7533
0.959 2.75905
0.96 2.7648
0.961 2.77055
0.962 2.7763
0.963 2.7821
0.964 2.7879
0.965 2.7937
0.966 2.7995
0.967 2.80525
0.968 2.81105
0.969 2.8169
0.97 2.8227
0.971 2.8285
0.972 2.83435
0.973 2.8402
0.974 2.84605
0.975 2.8519
0.976 2.8577
0.977 2.8636
0.978 2.86945
0.979 2.8753
0.98 2.8812
0.981 2.8871
0.982 2.893
0.983 2.89885
0.984 2.90475
0.985 2.9107
0.986 2.9166
0.987 2.9225
0.988 2.92845
0.989 2.93435
0.99 2.9403
0.991 2.94625
0.992 2.9522
0.993 2.95815
0.994 2.9641
0.995 2.97005
0.996 2.97605
0.997 2.98205
0.998 2.988
0.999 2.994
1.0 3.0
1.001 3.006
1.002 3.012
1.003 3.018
1.004 3.024
1.005 3.03
1.006 3.036
1.007 3.0425
1.008 3.0485
1.009 3.054
1.01 3.06
1.011 3.0665
1.012 3.0725
1.013 3.0785
1.014 3.0845
1.015 3.0905
1.016 3.097
1.017 3.103
1.018 3.109
1.019 3.115
1.02 3.121
1.021 3.1275
1.022 3.1335
1.023 3.1395
1.024 3.146
1.025 3.152
1.026 3.158
1.027 3.164
1.028 3.17
1.029 3.1765
1.03 3.183
1.031 3.189
1.032 3.195
1.033 3.201
1.034 3.2075
1.035 3.214
1.036 3.22
1.037 3.226
1.038 3.232
1.039 3.2385
1.04 3.245
1.041 3.251
1.042 3.2575
1.043 3.2635
1.044 3.2695
1.045 3.276
1.046 3.2825
1.047 3.289
1.048 3.295
1.049 3.301
1.05 3.3075
1.051 3.314
1.052 3.32
1.053 3.326
1.054 3.3325
1.055 3.3395
1.056 3.3455
1.057 3.3515
1.058 3.358
1.059 3.3645
1.06 3.371
1.061 3.377
1.062 3.3835
1.063 3.39
1.064 3.3965
1.065 3.4025
1.066 3.409
1.067 3.4155
1.068 3.422
1.069 3.4285
1.07 3.4345
1.071 3.441
1.072 3.4475
1.073 3.454
1.074 3.4605
1.075 3.467
1.076 3.4735
1.077 3.48
1.078 3.486
1.079 3.4925
1.08 3.499
1.081 3.5055
1.082 3.5125
1.083 3.519
1.084 3.525
1.085 3.5315
1.086 3.5385
1.087 3.5445
1.088 3.551
1.089 3.558
1.09 3.5645
1.091 3.571
1.092 3.577
1.093 3.584
1.094 3.5905
1.095 3.597
1.096 3.604
1.097 3.61
1.098 3.6165
1.099 3.6235
1.1 3.63
1.101 3.6365
1.102 3.6435
1.103 3.65
1.104 3.6565
1.105 3.663
1.106 3.6695
1.107 3.6765
1.108 3.683
1.109 3.6895
1.11 3.6965
1.111 3.703
1.112 3.7095
1.113 3.7165
1.114 3.723
1.115 3.7295
1.116 3.7365
1.117 3.743
1.118 3.7495
1.119 3.7565
1.12 3.7635
1.121 3.77
1.122 3.7765
1.123 3.7835
1.124 3.79
1.125 3.7965
1.126 3.8035
1.127 3.8105
1.128 3.8175
1.129 3.824
1.13 3.8305
1.131 3.8375
1.132 3.8445
1.133 3.851
1.134 3.8575
1.135 3.8645
1.136 3.8715
1.137 3.8785
1.138 3.8855
1.139 3.892
1.14 3.8985
1.141 3.9055
1.142 3.9125
1.143 3.9195
1.144 3.9265
1.145 3.933
1.146 3.94
1.147 3.947
1.148 3.9535
1.149 3.9605
1.15 3.9675
1.151 3.9745
1.152 3.9815
1.153 3.988
1.154 3.995
1.155 4.002
1.156 4.009
1.157 4.016
1.158 4.023
1.159 4.03
1.16 4.0365
1.161 4.044
1.162 4.051
1.163 4.0575
1.164 4.0645
1.165 4.0715
1.166 4.0785
1.167 4.086
1.168 4.093
1.169 4.0995
1.17 4.1065
1.171 4.1135
1.172 4.121
1.173 4.128
1.174 4.1345
1.175 4.142
1.176 4.149
1.177 4.156
1.178 4.163
1.179 4.17
1.18 4.1775
1.181 4.1845
1.182 4.191
1.183 4.1985
1.184 4.206
1.185 4.2125
1.186 4.2195
1.187 4.227
1.188 4.234
1.189 4.241
1.19 4.2485
1.191 4.2555
1.192 4.2625
1.193 4.2695
1.194 4.277
1.195 4.2845
1.196 4.291
1.197 4.298
1.198 4.306
1.199 4.313
1.2 4.32
1.201 4.327
1.202 4.334
1.203 4.342
1.204 4.349
1.205 4.356
1.206 4.3635
1.207 4.3705
1.208 4.3775
1.209 4.385
1.21 4.3925
1.211 4.3995
1.212 4.407
1.213 4.414
1.214 4.421
1.215 4.429
1.216 4.436
1.217 4.443
1.218 4.4505
1.219 4.458
1.22 4.4655
1.221 4.4725
1.222 4.48
1.223 4.487
1.224 4.4945
1.225 4.502
1.226 4.509
1.227 4.5165
1.228 4.524
1.229 4.5315
1.23 4.5385
1.231 4.546
1.232 4.5535
1.233 4.561
1.234 4.5685
1.235 4.5755
1.236 4.583
1.237 4.5905
1.238 4.598
1.239 4.6055
1.24 4.613
1.241 4.62
1.242 4.6275
1.243 4.6355
1.244 4.6425
1.245 4.65
1.246 4.6575
1.247 4.665
1.248 4.6725
1.249 4.68
1.25 4.6875
1.251 4.695
1.252 4.7025
1.253 4.71
1.254 4.7175
1.255 4.725
1.256 4.733
1.257 4.7405
1.258 4.7475
1.259 4.755
1.26 4.763
1.261 4.7705
1.262 4.7775
1.263 4.7855
1.264 4.7935
1.265 4.8005
1.266 4.808
1.267 4.816
1.268 4.8235
1.269 4.831
1.27 4.839
1.271 4.8465
1.272 4.8535
1.273 4.8615
1.274 4.8695
1.275 4.877
1.276 4.8845
1.277 4.892
1.278 4.9
1.279 4.9075
1.28 4.915
1.281 4.923
1.282 4.9305
1.283 4.938
1.284 4.946
1.285 4.954
1.286 4.9615
1.287 4.969
1.288 4.977
1.289 4.9845
1.29 4.992
1.291 5.0
1.292 5.008
1.293 5.0155
1.294 5.023
1.295 5.031
1.296 5.039
1.297 5.047
1.298 5.0545
1.299 5.062
1.3 5.07
1.301 5.078
1.302 5.0855
1.303 5.093
1.304 5.1015
1.305 5.1095
1.306 5.1165
1.307 5.1245
1.308 5.133
1.309 5.1405
1.31 5.148
1.311 5.156
1.312 5.164
1.313 5.172
1.314 5.18
1.315 5.1875
1.316 5.1955
1.317 5.2035
1.318 5.2115
1.319 5.2195
1.32 5.227
1.321 5.235
1.322 5.243
1.323 5.251
1.324 5.259
1.325 5.267
1.326 5.275
1.327 5.283
1.328 5.2905
1.329 5.2985
1.33 5.307
1.331 5.3145
1.332 5.3225
1.333 5.331
1.334 5.3385
1.335 5.3465
1.336 5.355
1.337 5.3625
1.338 5.3705
1.339 5.379
1.34 5.387
1.341 5.395
1.342 5.403
1.343 5.411
1.344 5.419
1.345 5.427
1.346 5.435
1.347 5.443
1.348 5.4515
1.349 5.4595
1.35 5.4675
1.351 5.4755
1.352 5.4835
1.353 5.492
1.354 5.5
1.355 5.508
1.356 5.516
1.357 5.5245
1.358 5.5325
1.359 5.5405
1.36 5.549
1.361 5.557
1.362 5.565
1.363 5.5735
1.364 5.5815
1.365 5.5895
1.366 5.598
1.367 5.606
1.368 5.614
1.369 5.6225
1.37 5.631
1.371 5.639
1.372 5.647
1.373 5.6555
1.374 5.6635
1.375 5.6715
1.376 5.6805
1.377 5.6885
1.378 5.6965
1.379 5.705
1.38 5.713
1.381 5.7215
1.382 5.73
1.383 5.738
1.384 5.7465
1.385 5.7545
1.386 5.763
1.387 5.7715
1.388 5.7795
1.389 5.788
1.39 5.796
1.391 5.8045
1.392 5.813
1.393 5.8215
1.394 5.83
1.395 5.838
1.396 5.8465
1.397 5.855
1.398 5.863
1.399 5.8715
1.4 5.88
1.401 5.8885
1.402 5.897
1.403 5.905
1.404 5.9135
1.405 5.922
1.406 5.9305
1.407 5.939
1.408 5.9475
1.409 5.956
1.41 5.9645
1.411 5.973
1.412 5.981
1.413 5.9895
1.414 5.998
1.415 6.0065
1.416 6.0155
1.417 6.024
1.418 6.032
1.419 6.0405
1.42 6.049
1.421 6.0575
1.422 6.0665
1.423 6.075
1.424 6.0835
1.425 6.092
1.426 6.1
1.427 6.109
1.428 6.118
1.429 6.126
1.43 6.1345
1.431 6.1435
1.432 6.152
1.433 6.1605
1.434 6.169
1.435 6.1775
1.436 6.186
1.437 6.195
1.438 6.204
1.439 6.212
1.44 6.2205
1.441 6.2295
1.442 6.238
1.443 6.2465
1.444 6.2555
1.445 6.2645
1.446 6.273
1.447 6.281
1.448 6.29
1.449 6.299
1.45 6.3075
1.451 6.316
1.452 6.325
1.453 6.334
1.454 6.342
1.455 6.351
1.456 6.36
1.457 6.3685
1.458 6.3775
1.459 6.386
1.46 6.3945
1.461 6.4035
1.462 6.4125
1.463 6.421
1.464 6.43
1.465 6.439
1.466 6.4475
1.467 6.456
1.468 6.465
1.469 6.474
1.47 6.4825
1.471 6.4915
1.472 6.5005
1.473 6.509
1.474 6.518
1.475 6.527
1.476 6.5355
1.477 6.5445
1.478 6.5535
1.479 6.5625
1.48 6.5715
1.481 6.58
1.482 6.589
1.483 6.598
1.484 6.6065
1.485 6.6155
1.486 6.6245
1.487 6.6335
1.488 6.6425
1.489 6.6515
1.49 6.6605
1.491 6.669
1.492 6.678
1.493 6.6875
1.494 6.696
1.495 6.705
1.496 6.714
1.497 6.723
1.498 6.732
1.499 6.741
1.5 6.7505
1.501 6.759
1.502 6.768
1.503 6.777
1.504 6.786
1.505 6.795
1.506 6.804
1.507 6.8135
1.508 6.822
1.509 6.831
1.51 6.8405
1.511 6.8495
1.512 6.8585
1.513 6.8675
1.514 6.8765
1.515 6.8855
1.516 6.8945
1.517 6.904
1.518 6.913
1.519 6.922
1.52 6.9315
1.521 6.9405
1.522 6.9495
1.523 6.9585
1.524 6.9675
1.525 6.977
1.526 6.986
1.527 6.995
1.528 7.0045
1.529 7.0135
1.53 7.0225
1.531 7.032
1.532 7.041
1.533 7.05
1.534 7.0595
1.535 7.069
1.536 7.078
1.537 7.087
1.538 7.0965
1.539 7.1055
1.54 7.1145
1.541 7.124
1.542 7.1335
1.543 7.1425
1.544 7.152
1.545 7.161
1.546 7.17
1.547 7.18
1.548 7.189
1.549 7.198
1.55 7.2075
1.551 7.217
1.552 7.226
1.553 7.235
1.554 7.245
1.555 7.2545
1.556 7.2635
1.557 7.2725
1.558 7.282
1.559 7.2915
1.56 7.3005
1.561 7.31
1.562 7.32
1.563 7.329
1.564 7.338
1.565 7.3475
1.566 7.357
1.567 7.3665
1.568 7.376
1.569 7.3855
1.57 7.3945
1.571 7.404
1.572 7.414
1.573 7.423
1.574 7.432
1.575 7.442
1.576 7.4515
1.577 7.461
1.578 7.4705
1.579 7.4795
1.58 7.489
1.581 7.4985
1.582 7.508
1.583 7.518
1.584 7.5275
1.585 7.5365
1.586 7.546
1.587 7.5555
1.588 7.565
1.589 7.575
1.59 7.5845
1.591 7.594
1.592 7.6035
1.593 7.613
1.594 7.6225
1.595 7.632
1.596 7.6415
1.597 7.651
1.598 7.661
1.599 7.6705
1.6 7.68
1.601 7.6895
1.602 7.699
1.603 7.709
1.604 7.7185
1.605 7.728
1.606 7.738
1.607 7.7475
1.608 7.757
1.609 7.7665
1.61 7.776
1.611 7.786
1.612 7.7955
1.613 7.8055
1.614 7.815
1.615 7.8245
1.616 7.8345
1.617 7.844
1.618 7.854
1.619 7.8635
1.62 7.873
1.621 7.883
1.622 7.8925
1.623 7.9025
1.624 7.9125
1.625 7.9215
1.626 7.9315
1.627 7.9415
1.628 7.951
1.629 7.961
1.63 7.971
1.631 7.9805
1.632 7.99
1.633 8.0
1.634 8.01
1.635 8.0195
1.636 8.0295
1.637 8.0395
1.638 8.049
1.639 8.059
1.64 8.069
1.641 8.0785
1.642 8.0885
1.643 8.0985
1.644 8.108
1.645 8.118
1.646 8.128
1.647 8.138
1.648 8.1475
1.649 8.1575
1.65 8.1675
1.651 8.1775
1.652 8.1875
1.653 8.197
1.654 8.207
1.655 8.217
1.656 8.227
1.657 8.237
1.658 8.247
1.659 8.257
1.66 8.267
1.661 8.277
1.662 8.2865
1.663 8.2965
1.664 8.307
1.665 8.3165
1.666 8.3265
1.667 8.337
1.668 8.3465
1.669 8.3565
1.67 8.367
1.671 8.3765
1.672 8.3865
1.673 8.397
1.674 8.407
1.675 8.417
1.676 8.427
1.677 8.437
1.678 8.447
1.679 8.457
1.68 8.467
1.681 8.4775
1.682 8.4875
1.683 8.4975
1.684 8.5075
1.685 8.5175
1.686 8.528
1.687 8.538
1.688 8.548
1.689 8.558
1.69 8.568
1.691 8.5785
1.692 8.589
1.693 8.5985
1.694 8.6085
1.695 8.6195
1.696 8.6295
1.697 8.639
1.698 8.6495
1.699 8.66
1.7 8.67
1.701 8.68
1.702 8.6905
1.703 8.701
1.704 8.711
1.705 8.721
1.706 8.731
1.707 8.7415
1.708 8.752
1.709 8.762
1.71 8.772
1.711 8.7825
1.712 8.793
1.713 8.803
1.714 8.8135
1.715 8.824
1.716 8.834
1.717 8.844
1.718 8.8545
1.719 8.865
1.72 8.875
1.721 8.8855
1.722 8.896
1.723 8.906
1.724 8.9165
1.725 8.927
1.726 8.9375
1.727 8.9475
1.728 8.9575
1.729 8.9685
1.73 8.979
1.731 8.989
1.732 8.9995
1.733 9.01
1.734 9.02
1.735 9.0305
1.736 9.0415
1.737 9.0515
1.738 9.0615
1.739 9.0725
1.74 9.083
1.741 9.093
1.742 9.1035
1.743 9.1145
1.744 9.125
1.745 9.135
1.746 9.1455
1.747 9.156
1.748 9.1665
1.749 9.177
1.75 9.1875
1.751 9.198
1.752 9.2085
1.753 9.219
1.754 9.2295
1.755 9.24
1.756 9.2505
1.757 9.2615
1.758 9.2715
1.759 9.282
1.76 9.293
1.761 9.3035
1.762 9.314
1.763 9.3245
1.764 9.335
1.765 9.3455
1.766 9.3565
1.767 9.367
1.768 9.3775
1.769 9.388
1.77 9.3985
1.771 9.4095
1.772 9.42
1.773 9.4305
1.774 9.441
1.775 9.452
1.776 9.4625
1.777 9.473
1.778 9.484
1.779 9.4945
1.78 9.5055
1.781 9.516
1.782 9.5265
1.783 9.537
1.784 9.548
1.785 9.559
1.786 9.569
1.787 9.58
1.788 9.591
1.789 9.6015
1.79 9.6125
1.791 9.623
1.792 9.6335
1.793 9.6445
1.794 9.6555
1.795 9.666
1.796 9.677
1.797 9.688
1.798 9.698
1.799 9.709
1.8 9.72
1.801 9.731
1.802 9.742
1.803 9.752
1.804 9.763
1.805 9.7745
1.806 9.785
1.807 9.7955
1.808 9.8065
1.809 9.8175
1.81 9.8285
1.811 9.839
1.812 9.85
1.813 9.861
1.814 9.8715
1.815 9.8825
1.816 9.894
1.817 9.9045
1.818 9.915
1.819 9.9265
1.82 9.9375
1.821 9.948
1.822 9.959
1.823 9.97
1.824 9.981
1.825 9.992
1.826 10.0025
1.827 10.014
1.828 10.025
1.829 10.0355
1.83 10.0465
1.831 10.0575
1.832 10.069
1.833 10.08
1.834 10.0905
1.835 10.1015
1.836 10.1125
1.837 10.1235
1.838 10.135
1.839 10.146
1.84 10.1565
1.841 10.168
1.842 10.179
1.843 10.19
1.844 10.201
1.845 10.212
1.846 10.223
1.847 10.234
1.848 10.2455
1.849 10.2565
1.85 10.2675
1.851 10.2785
1.852 10.2895
1.853 10.301
1.854 10.312
1.855 10.323
1.856 10.3345
1.857 10.3455
1.858 10.3565
1.859 10.3675
1.86 10.3785
1.861 10.39
1.862 10.4015
1.863 10.4125
1.864 10.4235
1.865 10.4345
1.866 10.4455
1.867 10.457
1.868 10.4685
1.869 10.4795
1.87 10.4905
1.871 10.502
1.872 10.5135
1.873 10.5245
1.874 10.5355
1.875 10.5465
1.876 10.558
1.877 10.5695
1.878 10.5805
1.879 10.592
1.88 10.6035
1.881 10.6145
1.882 10.6255
1.883 10.637
1.884 10.6485
1.885 10.6595
1.886 10.671
1.887 10.6825
1.888 10.6935
1.889 10.705
1.89 10.7165
1.891 10.7275
1.892 10.739
1.893 10.7505
1.894 10.7615
1.895 10.773
1.896 10.7845
1.897 10.796
1.898 10.8075
1.899 10.8185
1.9 10.83
1.901 10.8415
1.902 10.8525
1.903 10.864
1.904 10.876
1.905 10.887
1.906 10.8985
1.907 10.91
1.908 10.921
1.909 10.933
1.91 10.9445
1.911 10.956
1.912 10.967
1.913 10.9785
1.914 10.9905
1.915 11.0015
1.916 11.013
1.917 11.025
1.918 11.0365
1.919 11.0475
1.92 11.059
1.921 11.0705
1.922 11.082
1.923 11.094
1.924 11.1055
1.925 11.117
1.926 11.1285
1.927 11.14
1.928 11.1515
1.929 11.163
1.93 11.1745
1.931 11.1865
1.932 11.198
1.933 11.2095
1.934 11.221
1.935 11.2325
1.936 11.2445
1.937 11.256
1.938 11.2675
1.939 11.279
1.94 11.291
1.941 11.3025
1.942 11.314
1.943 11.3255
1.944 11.3375
1.945 11.3495
1.946 11.3605
1.947 11.372
1.948 11.384
1.949 11.396
1.95 11.4075
1.951 11.419
1.952 11.431
1.953 11.443
1.954 11.4545
1.955 11.466
1.956 11.4775
1.957 11.4895
1.958 11.5015
1.959 11.513
1.96 11.525
1.961 11.5365
1.962 11.548
1.963 11.56
1.964 11.572
1.965 11.584
1.966 11.5955
1.967 11.607
1.968 11.619
1.969 11.631
1.97 11.643
1.971 11.6545
1.972 11.666
1.973 11.678
1.974 11.69
1.975 11.702
1.976 11.714
1.977 11.7255
1.978 11.7375
1.979 11.7495
1.98 11.761
1.981 11.773
1.982 11.785
1.983 11.797
1.984 11.809
1.985 11.8205
1.986 11.8325
1.987 11.8445
1.988 11.8565
1.989 11.8685
1.99 11.88
1.991 11.892
1.992 11.9045
1.993 11.9165
1.994 11.928
1.995 11.94
1.996 11.952
1.997 11.964
1.998 11.976
1.999 11.988
2.0 12.0
2.001 12.012
2.002 12.024
2.003 12.036
2.004 12.048
2.005 12.06
2.006 12.072
2.007 12.0845
2.008 12.0965
2.009 12.108
2.01 12.12
2.011 12.1325
2.012 12.1445
2.013 12.1565
2.014 12.1685
2.015 12.1805
2.016 12.193
2.017 12.205
2.018 12.217
2.019 12.229
2.02 12.241
2.021 12.2535
2.022 12.2655
2.023 12.2775
2.024 12.29
2.025 12.302
2.026 12.314
2.027 12.326
2.028 12.338
2.029 12.3505
2.03 12.363
2.031 12.375
2.032 12.387
2.033 12.399
2.034 12.4115
2.035 12.424
2.036 12.436
2.037 12.448
2.038 12.46
2.039 12.4725
2.04 12.485
2.041 12.497
2.042 12.5095
2.043 12.5215
2.044 12.5335
2.045 12.546
2.046 12.5585
2.047 12.571
2.048 12.583
2.049 12.595
2.05 12.6075
2.051 12.62
2.052 12.632
2.053 12.644
2.054 12.6565
2.055 12.6695
2.056 12.6815
2.057 12.6935
2.058 12.706
2.059 12.7185
2.06 12.731
2.061 12.743
2.062 12.7555
2.063 12.768
2.064 12.7805
2.065 12.7925
2.066 12.805
2.067 12.8175
2.068 12.83
2.069 12.8425
2.07 12.8545
2.071 12.867
2.072 12.8795
2.073 12.892
2.074 12.9045
2.075 12.917
2.076 12.9295
2.077 12.942
2.078 12.954
2.079 12.9665
2.08 12.979
2.081 12.9915
2.082 13.0045
2.083 13.017
2.084 13.029
2.085 13.0415
2.086 13.0545
2.087 13.0665
2.088 13.079
2.089 13.092
2.09 13.1045
2.091 13.117
2.092 13.129
2.093 13.142
2.094 13.1545
2.095 13.167
2.096 13.18
2.097 13.192
2.098 13.2045
2.099 13.2175
2.1 13.23
2.101 13.2425
2.102 13.2555
2.103 13.268
2.104 13.2805
2.105 13.293
2.106 13.3055
2.107 13.3185
2.108 13.331
2.109 13.3435
2.11 13.3565
2.111 13.369
2.112 13.3815
2.113 13.3945
2.114 13.407
2.115 13.4195
2.116 13.4325
2.117 13.445
2.118 13.4575
2.119 13.4705
2.12 13.4835
2.121 13.496
2.122 13.5085
2.123 13.5215
2.124 13.534
2.125 13.5465
2.126 13.5595
2.127 13.5725
2.128 13.5855
2.129 13.598
2.13 13.6105
2.131 13.6235
2.132 13.6365
2.133 13.649
2.134 13.6615
2.135 13.6745
2.136 13.6875
2.137 13.7005
2.138 13.7135
2.139 13.726
2.14 13.7385
2.141 13.7515
2.142 13.7645
2.143 13.7775
2.144 13.7905
2.145 13.803
2.146 13.816
2.147 13.829
2.148 13.8415
2.149 13.8545
2.15 13.8675
2.151 13.8805
2.152 13.8935
2.153 13.906
2.154 13.917
2.155 13.931
2.156 13.945
2.157 13.96
2.158 13.975
2.159 13.985
2.16 13.995
2.161 14.01
2.162 14.02
2.163 14.035
2.164 14.05
2.165 14.06
2.166 14.075
2.167 14.09
2.168 14.1
2.169 14.11
2.17 14.13
2.171 14.14
2.172 14.15
2.173 14.165
2.174 14.18
2.175 14.195
2.176 14.205
2.177 14.215
2.178 14.23
2.179 14.245
2.18 14.26
2.181 14.27
2.182 14.28
2.183 14.3
2.184 14.31
2.185 14.32
2.186 14.335
2.187 14.35
2.188 14.365
2.189 14.375
2.19 14.385
2.191 14.4
2.192 14.415
2.193 14.43
2.194 14.44
2.195 14.455
2.196 14.47
2.197 14.48
2.198 14.495
2.199 14.505
2.2 14.52
2.201 14.535
2.202 14.545
2.203 14.56
2.204 14.575
2.205 14.585
2.206 14.595
2.207 14.61
2.208 14.63
2.209 14.64
2.21 14.65
2.211 14.665
2.212 14.68
2.213 14.695
2.214 14.705
2.215 14.715
2.216 14.73
2.217 14.745
2.218 14.76
2.219 14.775
2.22 14.785
2.221 14.8
2.222 14.81
2.223 14.825
2.224 14.84
2.225 14.85
2.226 14.865
2.227 14.88
2.228 14.89
2.229 14.905
2.23 14.92
2.231 14.93
2.232 14.945
2.233 14.96
2.234 14.975
2.235 14.985
2.236 15.0
2.237 15.015
2.238 15.025
2.239 15.035
2.24 15.05
2.241 15.07
2.242 15.08
2.243 15.09
2.244 15.11
2.245 15.12
2.246 15.13
2.247 15.15
2.248 15.16
2.249 15.17
2.25 15.19
2.251 15.205
2.252 15.215
2.253 15.225
2.254 15.24
2.255 15.255
2.256 15.27
2.257 15.285
2.258 15.295
2.259 15.31
2.26 15.325
2.261 15.335
2.262 15.35
2.263 15.365
2.264 15.375
2.265 15.39
2.266 15.405
2.267 15.415
2.268 15.43
2.269 15.445
2.27 15.46
2.271 15.475
2.272 15.485
2.273 15.5
2.274 15.515
2.275 15.525
2.276 15.54
2.277 15.555
2.278 15.565
2.279 15.58
2.28 15.595
2.281 15.61
2.282 15.625
2.283 15.635
2.284 15.65
2.285 15.665
2.286 15.675
2.287 15.69
2.288 15.705
2.289 15.72
2.29 15.735
2.291 15.745
2.292 15.76
2.293 15.775
2.294 15.785
2.295 15.8
2.296 15.815
2.297 15.83
2.298 15.845
2.299 15.855
2.3 15.87
2.301 15.885
2.302 15.895
2.303 15.91
2.304 15.925
2.305 15.94
2.306 15.955
2.307 15.965
2.308 15.98
2.309 15.995
2.31 16.01
2.311 16.025
2.312 16.035
2.313 16.05
2.314 16.065
2.315 16.075
2.316 16.09
2.317 16.105
2.318 16.12
2.319 16.135
2.32 16.145
2.321 16.16
2.322 16.175
2.323 16.19
2.324 16.205
2.325 16.215
2.326 16.23
2.327 16.245
2.328 16.26
2.329 16.275
2.33 16.285
2.331 16.3
2.332 16.315
2.333 16.33
2.334 16.345
2.335 16.355
2.336 16.37
2.337 16.385
2.338 16.395
2.339 16.41
2.34 16.43
2.341 16.445
2.342 16.455
2.343 16.465
2.344 16.48
2.345 16.5
2.346 16.515
2.347 16.525
2.348 16.535
2.349 16.555
2.35 16.57
2.351 16.58
2.352 16.595
2.353 16.61
2.354 16.625
2.355 16.635
2.356 16.65
2.357 16.67
2.358 16.68
2.359 16.695
2.36 16.71
2.361 16.72
2.362 16.74
2.363 16.75
2.364 16.765
2.365 16.78
2.366 16.79
2.367 16.81
2.368 16.825
2.369 16.835
2.37 16.85
2.371 16.865
2.372 16.88
2.373 16.895
2.374 16.905
2.375 16.92
2.376 16.94
2.377 16.95
2.378 16.965
2.379 16.98
2.38 16.99
2.381 17.01
2.382 17.025
2.383 17.035
2.384 17.05
2.385 17.065
2.386 17.075
2.387 17.095
2.388 17.11
2.389 17.12
2.39 17.135
2.391 17.15
2.392 17.165
2.393 17.18
2.394 17.195
2.395 17.21
2.396 17.22
2.397 17.235
2.398 17.255
2.399 17.265
2.4 17.28
2.401 17.295
2.402 17.305
2.403 17.325
2.404 17.34
2.405 17.35
2.406 17.365
2.407 17.38
2.408 17.395
2.409 17.41
2.41 17.425
2.411 17.44
2.412 17.455
2.413 17.465
2.414 17.48
2.415 17.5
2.416 17.515
2.417 17.525
2.418 17.54
2.419 17.555
2.42 17.565
2.421 17.585
2.422 17.6
2.423 17.61
2.424 17.63
2.425 17.64
2.426 17.655
2.427 17.675
2.428 17.685
2.429 17.7
2.43 17.715
2.431 17.73
2.432 17.745
2.433 17.755
2.434 17.77
2.435 17.79
2.436 17.805
2.437 17.815
2.438 17.83
2.439 17.845
2.44 17.86
2.441 17.875
2.442 17.89
2.443 17.905
2.444 17.92
2.445 17.935
2.446 17.95
2.447 17.965
2.448 17.975
2.449 17.995
2.45 18.01
2.451 18.02
2.452 18.035
2.453 18.05
2.454 18.07
2.455 18.08
2.456 18.095
2.457 18.115
2.458 18.125
2.459 18.14
2.46 18.155
2.461 18.17
2.462 18.185
2.463 18.195
2.464 18.21
2.465 18.23
2.466 18.245
2.467 18.26
2.468 18.275
2.469 18.285
2.47 18.3
2.471 18.32
2.472 18.335
2.473 18.345
2.474 18.36
2.475 18.38
2.476 18.395
2.477 18.405
2.478 18.42
2.479 18.435
2.48 18.45
2.481 18.465
2.482 18.48
2.483 18.5
2.484 18.51
2.485 18.525
2.486 18.545
2.487 18.555
2.488 18.57
2.489 18.585
2.49 18.6
2.491 18.615
2.492 18.63
2.493 18.645
2.494 18.66
2.495 18.675
2.496 18.69
2.497 18.705
2.498 18.72
2.499 18.735
2.5 18.75
2.501 18.765
2.502 18.78
2.503 18.795
2.504 18.81
2.505 18.825
2.506 18.84
2.507 18.855
2.508 18.87
2.509 18.885
2.51 18.9
2.511 18.915
2.512 18.93
2.513 18.945
2.514 18.96
2.515 18.975
2.516 18.99
2.517 19.01
2.518 19.02
2.519 19.035
2.52 19.055
2.521 19.065
2.522 19.08
2.523 19.095
2.524 19.11
2.525 19.13
2.526 19.145
2.527 19.155
2.528 19.17
2.529 19.19
2.53 19.205
2.531 19.215
2.532 19.23
2.533 19.25
2.534 19.265
2.535 19.28
2.536 19.295
2.537 19.305
2.538 19.325
2.539 19.34
2.54 19.355
2.541 19.37
2.542 19.385
2.543 19.405
2.544 19.415
2.545 19.43
2.546 19.445
2.547 19.46
2.548 19.48
2.549 19.495
2.55 19.505
2.551 19.52
2.552 19.54
2.553 19.555
2.554 19.565
2.555 19.585
2.556 19.6
2.557 19.615
2.558 19.63
2.559 19.645
2.56 19.66
2.561 19.675
2.562 19.695
2.563 19.705
2.564 19.72
2.565 19.74
2.566 19.755
2.567 19.765
2.568 19.785
2.569 19.8
2.57 19.815
2.571 19.83
2.572 19.845
2.573 19.865
2.574 19.875
2.575 19.89
2.576 19.905
2.577 19.92
2.578 19.94
2.579 19.955
2.58 19.97
2.581 19.985
2.582 20.0
2.583 20.015
2.584 20.03
2.585 20.05
2.586 20.065
2.587 20.075
2.588 20.09
2.589 20.11
2.59 20.125
2.591 20.14
2.592 20.155
2.593 20.17
2.594 20.185
2.595 20.2
2.596 20.22
2.597 20.235
2.598 20.25
2.599 20.265
2.6 20.28
2.601 20.295
2.602 20.31
2.603 20.325
2.604 20.345
2.605 20.36
2.606 20.37
2.607 20.39
2.608 20.405
2.609 20.42
2.61 20.44
2.611 20.45
2.612 20.465
2.613 20.485
2.614 20.5
2.615 20.515
2.616 20.53
2.617 20.545
2.618 20.56
2.619 20.58
2.62 20.595
2.621 20.61
2.622 20.625
2.623 20.64
2.624 20.655
2.625 20.67
2.626 20.69
2.627 20.705
2.628 20.715
2.629 20.735
2.63 20.755
2.631 20.765
2.632 20.78
2.633 20.8
2.634 20.815
2.635 20.83
2.636 20.845
2.637 20.86
2.638 20.875
2.639 20.89
2.64 20.91
2.641 20.925
2.642 20.94
2.643 20.96
2.644 20.975
2.645 20.985
2.646 21.0
2.647 21.02
2.648 21.04
2.649 21.05
2.65 21.065
2.651 21.085
2.652 21.1
2.653 21.115
2.654 21.13
2.655 21.15
2.656 21.165
2.657 21.175
2.658 21.195
2.659 21.215
2.66 21.225
2.661 21.24
2.662 21.26
2.663 21.275
2.664 21.29
2.665 21.305
2.666 21.32
2.667 21.34
2.668 21.355
2.669 21.37
2.67 21.39
2.671 21.405
2.672 21.42
2.673 21.435
2.674 21.45
2.675 21.465
2.676 21.48
2.677 21.5
2.678 21.515
2.679 21.53
2.68 21.55
2.681 21.565
2.682 21.58
2.683 21.595
2.684 21.61
2.685 21.625
2.686 21.645
2.687 21.66
2.688 21.675
2.689 21.695
2.69 21.71
2.691 21.725
2.692 21.74
2.693 21.755
2.694 21.77
2.695 21.79
2.696 21.805
2.697 21.82
2.698 21.84
2.699 21.855
2.7 21.87
2.701 21.885
2.702 21.9
2.703 21.92
2.704 21.935
2.705 21.95
2.706 21.97
2.707 21.985
2.708 22.0
2.709 22.015
2.71 22.03
2.711 22.05
2.712 22.065
2.713 22.08
2.714 22.1
2.715 22.115
2.716 22.13
2.717 22.145
2.718 22.16
2.719 22.18
2.72 22.195
2.721 22.21
2.722 22.23
2.723 22.245
2.724 22.26
2.725 22.275
2.726 22.29
2.727 22.31
2.728 22.33
2.729 22.345
2.73 22.355
2.731 22.375
2.732 22.395
2.733 22.405
2.734 22.425
2.735 22.44
2.736 22.455
2.737 22.475
2.738 22.49
2.739 22.505
2.74 22.525
2.741 22.54
2.742 22.555
2.743 22.575
2.744 22.585
2.745 22.605
2.746 22.625
2.747 22.635
2.748 22.655
2.749 22.675
2.75 22.685
2.751 22.7
2.752 22.72
2.753 22.74
2.754 22.755
2.755 22.77
2.756 22.785
2.757 22.8
2.758 22.82
2.759 22.84
2.76 22.855
2.761 22.865
2.762 22.885
2.763 22.905
2.764 22.92
2.765 22.935
2.766 22.95
2.767 22.97
2.768 22.985
2.769 23.0
2.77 23.02
2.771 23.035
2.772 23.05
2.773 23.07
2.774 23.085
2.775 23.1
2.776 23.12
2.777 23.135
2.778 23.155
2.779 23.17
2.78 23.185
2.781 23.205
2.782 23.215
2.783 23.235
2.784 23.255
2.785 23.265
2.786 23.285
2.787 23.305
2.788 23.32
2.789 23.335
2.79 23.35
2.791 23.37
2.792 23.385
2.793 23.4
2.794 23.42
2.795 23.435
2.796 23.455
2.797 23.47
2.798 23.485
2.799 23.505
2.8 23.52
2.801 23.535
2.802 23.555
2.803 23.57
2.804 23.585
2.805 23.605
2.806 23.62
2.807 23.64
2.808 23.655
2.809 23.67
2.81 23.69
2.811 23.705
2.812 23.72
2.813 23.74
2.814 23.755
2.815 23.77
2.816 23.79
2.817 23.81
2.818 23.825
2.819 23.84
2.82 23.855
2.821 23.875
2.822 23.895
2.823 23.905
2.824 23.925
2.825 23.945
2.826 23.955
2.827 23.975
2.828 23.995
2.829 24.01
2.83 24.025
2.831 24.04
2.832 24.06
2.833 24.08
2.834 24.095
2.835 24.11
2.836 24.13
2.837 24.145
2.838 24.165
2.839 24.18
2.84 24.195
2.841 24.215
2.842 24.23
2.843 24.25
2.844 24.265
2.845 24.28
2.846 24.3
2.847 24.315
2.848 24.335
2.849 24.355
2.85 24.365
2.851 24.38
2.852 24.4
2.853 24.42
2.854 24.44
2.855 24.455
2.856 24.47
2.857 24.485
2.858 24.505
2.859 24.525
2.86 24.535
2.861 24.555
2.862 24.575
2.863 24.59
2.864 24.605
2.865 24.625
2.866 24.645
2.867 24.66
2.868 24.675
2.869 24.69
2.87 24.71
2.871 24.73
2.872 24.745
2.873 24.76
2.874 24.78
2.875 24.8
2.876 24.815
2.877 24.83
2.878 24.85
2.879 24.865
2.88 24.88
2.881 24.9
2.882 24.92
2.883 24.935
2.884 24.95
2.885 24.97
2.886 24.99
2.887 25.005
2.888 25.02
2.889 25.04
2.89 25.055
2.891 25.075
2.892 25.095
2.893 25.105
2.894 25.125
2.895 25.145
2.896 25.16
2.897 25.175
2.898 25.195
2.899 25.215
2.9 25.23
2.901 25.245
2.902 25.265
2.903 25.285
2.904 25.3
2.905 25.315
2.906 25.335
2.907 25.355
2.908 25.37
2.909 25.385
2.91 25.4
2.911 25.42
2.912 25.44
2.913 25.46
2.914 25.475
2.915 25.49
2.916 25.51
2.917 25.525
2.918 25.545
2.919 25.565
2.92 25.58
2.921 25.595
2.922 25.61
2.923 25.635
2.924 25.65
2.925 25.665
2.926 25.685
2.927 25.7
2.928 25.72
2.929 25.74
2.93 25.755
2.931 25.77
2.932 25.79
2.933 25.81
2.934 25.825
2.935 25.84
2.936 25.86
2.937 25.88
2.938 25.895
2.939 25.91
2.94 25.93
2.941 25.95
2.942 25.97
2.943 25.985
2.944 26.0
2.945 26.02
2.946 26.035
2.947 26.055
2.948 26.075
2.949 26.09
2.95 26.105
2.951 26.125
2.952 26.145
2.953 26.16
2.954 26.175
2.955 26.195
2.956 26.215
2.957 26.23
2.958 26.25
2.959 26.27
2.96 26.285
2.961 26.3
2.962 26.32
2.963 26.34
2.964 26.355
2.965 26.37
2.966 26.395
2.967 26.41
2.968 26.425
2.969 26.445
2.97 26.46
2.971 26.48
2.972 26.5
2.973 26.52
2.974 26.535
2.975 26.55
2.976 26.57
2.977 26.59
2.978 26.605
2.979 26.62
2.98 26.64
2.981 26.66
2.982 26.68
2.983 26.695
2.984 26.71
2.985 26.73
2.986 26.75
2.987 26.765
2.988 26.785
2.989 26.805
2.99 26.82
2.991 26.84
2.992 26.855
2.993 26.87
2.994 26.89
2.995 26.91
2.996 26.93
2.997 26.95
2.998 26.965
2.999 26.98
3.0 27.0
3.001 27.02
3.002 27.035
3.003 27.05
3.004 27.075
3.005 27.09
3.006 27.105
3.007 27.13
3.008 27.145
3.009 27.16
3.01 27.18
3.011 27.2
3.012 27.215
3.013 27.235
3.014 27.255
3.015 27.27
3.016 27.29
3.017 27.305
3.018 27.325
3.019 27.345
3.02 27.36
3.021 27.38
3.022 27.395
3.023 27.415
3.024 27.435
3.025 27.45
3.026 27.47
3.027 27.49
3.028 27.505
3.029 27.525
3.03 27.545
3.031 27.56
3.032 27.58
3.033 27.595
3.034 27.615
3.035 27.635
3.036 27.65
3.037 27.67
3.038 27.69
3.039 27.705
3.04 27.725
3.041 27.745
3.042 27.76
3.043 27.78
3.044 27.8
3.045 27.815
3.046 27.83
3.047 27.855
3.048 27.875
3.049 27.89
3.05 27.905
3.051 27.925
3.052 27.945
3.053 27.96
3.054 27.98
3.055 28.0
3.056 28.02
3.057 28.035
3.058 28.05
3.059 28.075
3.06 28.095
3.061 28.105
3.062 28.125
3.063 28.15
3.064 28.165
3.065 28.18
3.066 28.2
3.067 28.22
3.068 28.24
3.069 28.255
3.07 28.275
3.071 28.295
3.072 28.31
3.073 28.33
3.074 28.35
3.075 28.365
3.076 28.385
3.077 28.405
3.078 28.42
3.079 28.44
3.08 28.46
3.081 28.48
3.082 28.495
3.083 28.515
3.084 28.535
3.085 28.55
3.086 28.57
3.087 28.59
3.088 28.605
3.089 28.625
3.09 28.645
3.091 28.66
3.092 28.685
3.093 28.7
3.094 28.715
3.095 28.74
3.096 28.755
3.097 28.775
3.098 28.795
3.099 28.81
3.1 28.83
3.101 28.85
3.102 28.865
3.103 28.885
3.104 28.905
3.105 28.925
3.106 28.945
3.107 28.96
3.108 28.975
3.109 28.995
3.11 29.02
3.111 29.035
3.112 29.05
3.113 29.075
3.114 29.095
3.115 29.105
3.116 29.125
3.117 29.15
3.118 29.165
3.119 29.185
3.12 29.205
3.121 29.22
3.122 29.24
3.123 29.26
3.124 29.28
3.125 29.295
3.126 29.315
3.127 29.335
3.128 29.355
3.129 29.375
3.13 29.39
3.131 29.41
3.132 29.425
3.133 29.445
3.134 29.47
3.135 29.485
3.136 29.5
3.137 29.52
3.138 29.54
3.139 29.56
3.14 29.58
3.141 29.6
3.142 29.62
3.143 29.635
3.144 29.65
3.145 29.675
3.146 29.695
3.147 29.71
3.148 29.73
3.149 29.745
3.15 29.765
3.151 29.79
3.152 29.805
3.153 29.825
3.154 29.845
3.155 29.86
3.156 29.88
3.157 29.9
3.158 29.92
3.159 29.94
3.16 29.955
3.161 29.975
3.162 29.995
3.163 30.01
3.164 30.035
3.165 30.055
3.166 30.07
3.167 30.09
3.168 30.11
3.169 30.125
3.17 30.145
3.171 30.165
3.172 30.185
3.173 30.205
3.174 30.22
3.175 30.245
3.176 30.265
3.177 30.28
3.178 30.295
3.179 30.315
3.18 30.34
3.181 30.355
3.182 30.375
3.183 30.395
3.184 30.415
3.185 30.435
3.186 30.45
3.187 30.47
3.188 30.49
3.189 30.51
3.19 30.53
3.191 30.545
3.192 30.565
3.193 30.59
3.194 30.605
3.195 30.62
3.196 30.645
3.197 30.665
3.198 30.68
3.199 30.7
3.2 30.72
3.201 30.74
3.202 30.76
3.203 30.775
3.204 30.795
3.205 30.82
3.206 30.835
3.207 30.85
3.208 30.875
3.209 30.895
3.21 30.91
3.211 30.93
3.212 30.95
3.213 30.97
3.214 30.99
3.215 31.01
3.216 31.03
3.217 31.05
3.218 31.065
3.219 31.085
3.22 31.105
3.221 31.125
3.222 31.145
3.223 31.16
3.224 31.185
3.225 31.205
3.226 31.22
3.227 31.24
3.228 31.26
3.229 31.28
3.23 31.3
3.231 31.315
3.232 31.335
3.233 31.36
3.234 31.375
3.235 31.395
3.236 31.415
3.237 31.435
3.238 31.455
3.239 31.47
3.24 31.495
3.241 31.515
3.242 31.53
3.243 31.55
3.244 31.57
3.245 31.59
3.246 31.61
3.247 31.63
3.248 31.65
3.249 31.665
3.25 31.685
3.251 31.71
3.252 31.73
3.253 31.745
3.254 31.765
3.255 31.785
3.256 31.805
3.257 31.825
3.258 31.84
3.259 31.865
3.26 31.885
3.261 31.9
3.262 31.92
3.263 31.94
3.264 31.96
3.265 31.985
3.266 32.005
3.267 32.015
3.268 32.035
3.269 32.06
3.27 32.08
3.271 32.1
3.272 32.12
3.273 32.135
3.274 32.155
3.275 32.18
3.276 32.195
3.277 32.215
3.278 32.24
3.279 32.255
3.28 32.275
3.281 32.295
3.282 32.315
3.283 32.335
3.284 32.35
3.285 32.375
3.286 32.395
3.287 32.41
3.288 32.435
3.289 32.455
3.29 32.47
3.291 32.49
3.292 32.51
3.293 32.535
3.294 32.555
3.295 32.57
3.296 32.59
3.297 32.61
3.298 32.63
3.299 32.65
3.3 32.67
3.301 32.69
3.302 32.71
3.303 32.73
3.304 32.75
3.305 32.77
3.306 32.79
3.307 32.805
3.308 32.825
3.309 32.85
3.31 32.87
3.311 32.89
3.312 32.91
3.313 32.925
3.314 32.945
3.315 32.97
3.316 32.99
3.317 33.005
3.318 33.025
3.319 33.05
3.32 33.07
3.321 33.085
3.322 33.105
3.323 33.13
3.324 33.145
3.325 33.165
3.326 33.19
3.327 33.205
3.328 33.225
3.329 33.25
3.33 33.265
3.331 33.285
3.332 33.31
3.333 33.325
3.334 33.345
3.335 33.37
3.336 33.385
3.337 33.405
3.338 33.43
3.339 33.445
3.34 33.465
3.341 33.49
3.342 33.505
3.343 33.525
3.344 33.55
3.345 33.57
3.346 33.585
3.347 33.605
3.348 33.63
3.349 33.65
3.35 33.665
3.351 33.685
3.352 33.71
3.353 33.73
3.354 33.745
3.355 33.765
3.356 33.79
3.357 33.81
3.358 33.83
3.359 33.85
3.36 33.865
3.361 33.885
3.362 33.91
3.363 33.93
3.364 33.95
3.365 33.97
3.366 33.99
3.367 34.01
3.368 34.03
3.369 34.05
3.37 34.07
3.371 34.09
3.372 34.115
3.373 34.135
3.374 34.15
3.375 34.17
3.376 34.19
3.377 34.215
3.378 34.235
3.379 34.25
3.38 34.275
3.381 34.295
3.382 34.31
3.383 34.335
3.384 34.355
3.385 34.375
3.386 34.395
3.387 34.415
3.388 34.435
3.389 34.455
3.39 34.48
3.391 34.495
3.392 34.515
3.393 34.54
3.394 34.555
3.395 34.575
3.396 34.6
3.397 34.62
3.398 34.64
3.399 34.66
3.4 34.68
3.401 34.7
3.402 34.72
3.403 34.74
3.404 34.765
3.405 34.785
3.406 34.8
3.407 34.82
3.408 34.845
3.409 34.865
3.41 34.885
3.411 34.905
3.412 34.925
3.413 34.945
3.414 34.965
3.415 34.99
3.416 35.005
3.417 35.025
3.418 35.05
3.419 35.07
3.42 35.09
3.421 35.11
3.422 35.13
3.423 35.15
3.424 35.17
3.425 35.19
3.426 35.215
3.427 35.235
3.428 35.25
3.429 35.275
3.43 35.295
3.431 35.315
3.432 35.335
3.433 35.355
3.434 35.38
3.435 35.4
3.436 35.415
3.437 35.435
3.438 35.46
3.439 35.48
3.44 35.505
3.441 35.525
3.442 35.54
3.443 35.56
3.444 35.585
3.445 35.605
3.446 35.625
3.447 35.645
3.448 35.665
3.449 35.69
3.45 35.705
3.451 35.725
3.452 35.75
3.453 35.77
3.454 35.79
3.455 35.81
3.456 35.83
3.457 35.855
3.458 35.875
3.459 35.895
3.46 35.915
3.461 35.935
3.462 35.955
3.463 35.975
3.464 36.0
3.465 36.02
3.466 36.04
3.467 36.06
3.468 36.08
3.469 36.1
3.47 36.125
3.471 36.145
3.472 36.16
3.473 36.185
3.474 36.21
3.475 36.225
3.476 36.245
3.477 36.27
3.478 36.29
3.479 36.31
3.48 36.33
3.481 36.355
3.482 36.375
3.483 36.39
3.484 36.415
3.485 36.44
3.486 36.455
3.487 36.475
3.488 36.5
3.489 36.52
3.49 36.54
3.491 36.56
3.492 36.58
3.493 36.605
3.494 36.625
3.495 36.645
3.496 36.665
3.497 36.685
3.498 36.71
3.499 36.73
3.5 36.75
3.501 36.77
3.502 36.79
3.503 36.815
3.504 36.835
3.505 36.855
3.506 36.875
3.507 36.895
3.508 36.92
3.509 36.94
3.51 36.96
3.511 36.98
3.512 37.005
3.513 37.025
3.514 37.045
3.515 37.065
3.516 37.085
3.517 37.11
3.518 37.13
3.519 37.15
3.52 37.17
3.521 37.19
3.522 37.215
3.523 37.235
3.524 37.255
3.525 37.28
3.526 37.295
3.527 37.315
3.528 37.34
3.529 37.365
3.53 37.385
3.531 37.4
3.532 37.425
3.533 37.45
3.534 37.47
3.535 37.485
3.536 37.51
3.537 37.535
3.538 37.55
3.539 37.57
3.54 37.595
3.541 37.62
3.542 37.635
3.543 37.655
3.544 37.68
3.545 37.705
3.546 37.725
3.547 37.74
3.548 37.765
3.549 37.79
3.55 37.805
3.551 37.825
3.552 37.85
3.553 37.875
3.554 37.895
3.555 37.91
3.556 37.935
3.557 37.96
3.558 37.98
3.559 38.0
3.56 38.02
3.561 38.04
3.562 38.06
3.563 38.085
3.564 38.11
3.565 38.13
3.566 38.15
3.567 38.17
3.568 38.19
3.569 38.21
3.57 38.235
3.571 38.26
3.572 38.275
3.573 38.295
3.574 38.32
3.575 38.345
3.576 38.365
3.577 38.385
3.578 38.405
3.579 38.425
3.58 38.45
3.581 38.47
3.582 38.495
3.583 38.515
3.584 38.535
3.585 38.555
3.586 38.575
3.587 38.6
3.588 38.625
3.589 38.645
3.59 38.66
3.591 38.685
3.592 38.71
3.593 38.73
3.594 38.75
3.595 38.77
3.596 38.795
3.597 38.815
3.598 38.835
3.599 38.86
3.6 38.88
3.601 38.9
3.602 38.925
3.603 38.945
3.604 38.965
3.605 38.99
3.606 39.01
3.607 39.03
3.608 39.055
3.609 39.075
3.61 39.095
3.611 39.12
3.612 39.14
3.613 39.16
3.614 39.18
3.615 39.205
3.616 39.23
3.617 39.25
3.618 39.27
3.619 39.29
3.62 39.31
3.621 39.335
3.622 39.36
3.623 39.375
3.624 39.4
3.625 39.425
3.626 39.44
3.627 39.465
3.628 39.49
3.629 39.51
3.63 39.53
3.631 39.55
3.632 39.575
3.633 39.595
3.634 39.615
3.635 39.64
3.636 39.665
3.637 39.685
3.638 39.705
3.639 39.725
3.64 39.745
3.641 39.775
3.642 39.795
3.643 39.81
3.644 39.835
3.645 39.86
3.646 39.88
3.647 39.9
3.648 39.925
3.649 39.945
3.65 39.965
3.651 39.99
3.652 40.015
3.653 40.035
3.654 40.055
3.655 40.075
3.656 40.095
3.657 40.125
3.658 40.145
3.659 40.165
3.66 40.185
3.661 40.205
3.662 40.235
3.663 40.255
3.664 40.27
3.665 40.295
3.666 40.32
3.667 40.34
3.668 40.365
3.669 40.385
3.67 40.405
3.671 40.43
3.672 40.45
3.673 40.475
3.674 40.495
3.675 40.515
3.676 40.54
3.677 40.56
3.678 40.585
3.679 40.605
3.68 40.625
3.681 40.65
3.682 40.67
3.683 40.695
3.684 40.715
3.685 40.735
3.686 40.76
3.687 40.785
3.688 40.805
3.689 40.825
3.69 40.85
3.691 40.87
3.692 40.89
3.693 40.915
3.694 40.94
3.695 40.96
3.696 40.98
3.697 41.0
3.698 41.025
3.699 41.05
3.7 41.07
3.701 41.09
3.702 41.115
3.703 41.14
3.704 41.16
3.705 41.18
3.706 41.2
3.707 41.225
3.708 41.25
3.709 41.27
3.71 41.29
3.711 41.315
3.712 41.34
3.713 41.36
3.714 41.38
3.715 41.405
3.716 41.425
3.717 41.445
3.718 41.47
3.719 41.495
3.72 41.515
3.721 41.535
3.722 41.56
3.723 41.585
3.724 41.605
3.725 41.625
3.726 41.65
3.727 41.67
3.728 41.695
3.729 41.72
3.73 41.74
3.731 41.76
3.732 41.78
3.733 41.805
3.734 41.83
3.735 41.85
3.736 41.875
3.737 41.895
3.738 41.915
3.739 41.94
3.74 41.965
3.741 41.985
3.742 42.005
3.743 42.03
3.744 42.055
3.745 42.075
3.746 42.095
3.747 42.12
3.748 42.145
3.749 42.17
3.75 42.185
3.751 42.21
3.752 42.235
3.753 42.255
3.754 42.275
3.755 42.3
3.756 42.325
3.757 42.345
3.758 42.365
3.759 42.39
3.76 42.415
3.761 42.435
3.762 42.46
3.763 42.48
3.764 42.5
3.765 42.525
3.766 42.55
3.767 42.57
3.768 42.595
3.769 42.615
3.77 42.635
3.771 42.665
3.772 42.685
3.773 42.705
3.774 42.73
3.775 42.75
3.776 42.775
3.777 42.8
3.778 42.82
3.779 42.84
3.78 42.865
3.781 42.89
3.782 42.91
3.783 42.93
3.784 42.955
3.785 42.98
3.786 43.0
3.787 43.025
3.788 43.05
3.789 43.07
3.79 43.09
3.791 43.115
3.792 43.14
3.793 43.16
3.794 43.18
3.795 43.205
3.796 43.23
3.797 43.255
3.798 43.275
3.799 43.295
3.8 43.32
3.801 43.345
3.802 43.365
3.803 43.385
3.804 43.415
3.805 43.435
3.806 43.455
3.807 43.48
3.808 43.5
3.809 43.525
3.81 43.55
3.811 43.57
3.812 43.595
3.813 43.62
3.814 43.64
3.815 43.66
3.816 43.685
3.817 43.71
3.818 43.73
3.819 43.755
3.82 43.78
3.821 43.8
3.822 43.82
3.823 43.845
3.824 43.87
3.825 43.89
3.826 43.915
3.827 43.94
3.828 43.96
3.829 43.985
3.83 44.01
3.831 44.03
3.832 44.05
3.833 44.075
3.834 44.1
3.835 44.12
3.836 44.145
3.837 44.17
3.838 44.19
3.839 44.21
3.84 44.235
3.841 44.26
3.842 44.285
3.843 44.31
3.844 44.33
3.845 44.35
3.846 44.375
3.847 44.4
3.848 44.42
3.849 44.445
3.85 44.465
3.851 44.49
3.852 44.515
3.853 44.535
3.854 44.56
3.855 44.585
3.856 44.605
3.857 44.625
3.858 44.655
3.859 44.68
3.86 44.7
3.861 44.72
3.862 44.745
3.863 44.77
3.864 44.79
3.865 44.815
3.866 44.84
3.867 44.86
3.868 44.88
3.869 44.905
3.87 44.935
3.871 44.955
3.872 44.975
3.873 45.0
3.874 45.025
3.875 45.05
3.876 45.07
3.877 45.09
3.878 45.115
3.879 45.14
3.88 45.165
3.881 45.185
3.882 45.21
3.883 45.235
3.884 45.255
3.885 45.28
3.886 45.305
3.887 45.325
3.888 45.345
3.889 45.375
3.89 45.4
3.891 45.42
3.892 45.44
3.893 45.465
3.894 45.49
3.895 45.515
3.896 45.54
3.897 45.56
3.898 45.58
3.899 45.605
3.9 45.63
3.901 45.655
3.902 45.68
3.903 45.7
3.904 45.72
3.905 45.745
3.906 45.77
3.907 45.795
3.908 45.82
3.909 45.84
3.91 45.865
3.911 45.89
3.912 45.91
3.913 45.935
3.914 45.96
3.915 45.98
3.916 46.005
3.917 46.03
3.918 46.05
3.919 46.075
3.92 46.1
3.921 46.12
3.922 46.145
3.923 46.17
3.924 46.195
3.925 46.22
3.926 46.24
3.927 46.26
3.928 46.285
3.929 46.315
3.93 46.335
3.931 46.355
3.932 46.385
3.933 46.405
3.934 46.43
3.935 46.455
3.936 46.475
3.937 46.5
3.938 46.525
3.939 46.545
3.94 46.57
3.941 46.595
3.942 46.615
3.943 46.645
3.944 46.665
3.945 46.685
3.946 46.715
3.947 46.74
3.948 46.76
3.949 46.785
3.95 46.805
3.951 46.83
3.952 46.855
3.953 46.875
3.954 46.905
3.955 46.93
3.956 46.95
3.957 46.97
3.958 46.995
3.959 47.025
3.96 47.045
3.961 47.065
3.962 47.095
3.963 47.12
3.964 47.14
3.965 47.16
3.966 47.185
3.967 47.215
3.968 47.235
3.969 47.255
3.97 47.285
3.971 47.31
3.972 47.33
3.973 47.35
3.974 47.375
3.975 47.405
3.976 47.43
3.977 47.45
3.978 47.47
3.979 47.495
3.98 47.525
3.981 47.545
3.982 47.565
3.983 47.595
3.984 47.62
3.985 47.64
3.986 47.665
3.987 47.69
3.988 47.71
3.989 47.735
3.99 47.76
3.991 47.785
3.992 47.81
3.993 47.83
3.994 47.855
3.995 47.88
3.996 47.905
3.997 47.93
3.998 47.95
3.999 47.975
4.0 48.0
4.001 48.025
4.002 48.05
4.003 48.07
4.004 48.095
4.005 48.12
4.006 48.145
4.007 48.17
4.008 48.19
4.009 48.215
4.01 48.24
4.011 48.265
4.012 48.29
4.013 48.31
4.014 48.335
4.015 48.365
4.016 48.385
4.017 48.405
4.018 48.435
4.019 48.46
4.02 48.48
4.021 48.505
4.022 48.53
4.023 48.555
4.024 48.58
4.025 48.6
4.026 48.625
4.027 48.65
4.028 48.675
4.029 48.7
4.03 48.72
4.031 48.745
4.032 48.77
4.033 48.795
4.034 48.82
4.035 48.845
4.036 48.87
4.037 48.89
4.038 48.915
4.039 48.94
4.04 48.965
4.041 48.99
4.042 49.015
4.043 49.04
4.044 49.06
4.045 49.085
4.046 49.11
4.047 49.135
4.048 49.16
4.049 49.18
4.05 49.205
4.051 49.235
4.052 49.26
4.053 49.28
4.054 49.305
4.055 49.33
4.056 49.35
4.057 49.375
4.058 49.405
4.059 49.43
4.06 49.45
4.061 49.475
4.062 49.5
4.063 49.52
4.064 49.545
4.065 49.575
4.066 49.6
4.067 49.62
4.068 49.645
4.069 49.67
4.07 49.695
4.071 49.72
4.072 49.745
4.073 49.77
4.074 49.79
4.075 49.815
4.076 49.84
4.077 49.865
4.078 49.895
4.079 49.915
4.08 49.935
4.081 49.965
4.082 49.99
4.083 50.01
4.084 50.035
4.085 50.065
4.086 50.09
4.087 50.11
4.088 50.135
4.089 50.16
4.09 50.185
4.091 50.21
4.092 50.23
4.093 50.255
4.094 50.285
4.095 50.31
4.096 50.33
4.097 50.355
4.098 50.38
4.099 50.405
4.1 50.43
4.101 50.455
4.102 50.48
4.103 50.505
4.104 50.53
4.105 50.55
4.106 50.575
4.107 50.605
4.108 50.63
4.109 50.65
4.11 50.675
4.111 50.7
4.112 50.725
4.113 50.75
4.114 50.775
4.115 50.8
4.116 50.825
4.117 50.85
4.118 50.875
4.119 50.9
4.12 50.92
4.121 50.945
4.122 50.975
4.123 51.0
4.124 51.02
4.125 51.045
4.126 51.075
4.127 51.1
4.128 51.12
4.129 51.145
4.13 51.17
4.131 51.195
4.132 51.22
4.133 51.245
4.134 51.27
4.135 51.295
4.136 51.32
4.137 51.345
4.138 51.37
4.139 51.39
4.14 51.42
4.141 51.445
4.142 51.465
4.143 51.495
4.144 51.52
4.145 51.54
4.146 51.565
4.147 51.595
4.148 51.62
4.149 51.645
4.15 51.665
4.151 51.69
4.152 51.72
4.153 51.74
4.154 51.765
4.155 51.795
4.156 51.82
4.157 51.84
4.158 51.865
4.159 51.895
4.16 51.92
4.161 51.94
4.162 51.965
4.163 51.99
4.164 52.015
4.165 52.045
4.166 52.07
4.167 52.09
4.168 52.115
4.169 52.14
4.17 52.165
4.171 52.195
4.172 52.22
4.173 52.24
4.174 52.265
4.175 52.29
4.176 52.315
4.177 52.345
4.178 52.37
4.179 52.39
4.18 52.415
4.181 52.445
4.182 52.47
4.183 52.49
4.184 52.515
4.185 52.545
4.186 52.57
4.187 52.59
4.188 52.615
4.189 52.645
4.19 52.67
4.191 52.695
4.192 52.72
4.193 52.74
4.194 52.765
4.195 52.795
4.196 52.82
4.197 52.845
4.198 52.87
4.199 52.895
4.2 52.92
4.201 52.945
4.202 52.97
4.203 52.995
4.204 53.025
4.205 53.045
4.206 53.07
4.207 53.1
4.208 53.12
4.209 53.145
4.21 53.175
4.211 53.2
4.212 53.22
4.213 53.245
4.214 53.275
4.215 53.3
4.216 53.325
4.217 53.35
4.218 53.375
4.219 53.4
4.22 53.425
4.221 53.45
4.222 53.475
4.223 53.5
4.224 53.525
4.225 53.555
4.226 53.58
4.227 53.6
4.228 53.625
4.229 53.655
4.23 53.68
4.231 53.705
4.232 53.73
4.233 53.75
4.234 53.78
4.235 53.81
4.236 53.83
4.237 53.855
4.238 53.88
4.239 53.905
4.24 53.935
4.241 53.96
4.242 53.985
4.243 54.01
4.244 54.035
4.245 54.06
4.246 54.085
4.247 54.11
4.248 54.135
4.249 54.16
4.25 54.19
4.251 54.215
4.252 54.235
4.253 54.265
4.254 54.29
4.255 54.315
4.256 54.34
4.257 54.365
4.258 54.395
4.259 54.42
4.26 54.44
4.261 54.465
4.262 54.495
4.263 54.52
4.264 54.545
4.265 54.57
4.266 54.595
4.267 54.625
4.268 54.65
4.269 54.67
4.27 54.695
4.271 54.725
4.272 54.75
4.273 54.775
4.274 54.805
4.275 54.83
4.276 54.85
4.277 54.875
4.278 54.905
4.279 54.93
4.28 54.955
4.281 54.98
4.282 55.005
4.283 55.035
4.284 55.06
4.285 55.085
4.286 55.11
4.287 55.135
4.288 55.16
4.289 55.185
4.29 55.21
4.291 55.24
4.292 55.265
4.293 55.285
4.294 55.315
4.295 55.345
4.296 55.37
4.297 55.39
4.298 55.415
4.299 55.445
4.3 55.47
4.301 55.495
4.302 55.525
4.303 55.55
4.304 55.57
4.305 55.595
4.306 55.625
4.307 55.655
4.308 55.68
4.309 55.7
4.31 55.725
4.311 55.755
4.312 55.78
4.313 55.805
4.314 55.835
4.315 55.86
4.316 55.88
4.317 55.91
4.318 55.935
4.319 55.96
4.32 55.99
4.321 56.01
4.322 56.04
4.323 56.065
4.324 56.09
4.325 56.12
4.326 56.14
4.327 56.17
4.328 56.195
4.329 56.22
4.33 56.25
4.331 56.27
4.332 56.295
4.333 56.325
4.334 56.355
4.335 56.38
4.336 56.4
4.337 56.425
4.338 56.455
4.339 56.48
4.34 56.505
4.341 56.535
4.342 56.56
4.343 56.585
4.344 56.61
4.345 56.635
4.346 56.665
4.347 56.69
4.348 56.715
4.349 56.745
4.35 56.77
4.351 56.79
4.352 56.815
4.353 56.845
4.354 56.875
4.355 56.9
4.356 56.925
4.357 56.95
4.358 56.975
4.359 57.005
4.36 57.03
4.361 57.055
4.362 57.08
4.363 57.105
4.364 57.135
4.365 57.16
4.366 57.185
4.367 57.21
4.368 57.24
4.369 57.265
4.37 57.29
4.371 57.32
4.372 57.34
4.373 57.37
4.374 57.395
4.375 57.42
4.376 57.45
4.377 57.475
4.378 57.5
4.379 57.525
4.38 57.555
4.381 57.58
4.382 57.605
4.383 57.635
4.384 57.66
4.385 57.68
4.386 57.71
4.387 57.74
4.388 57.765
4.389 57.79
4.39 57.815
4.391 57.84
4.392 57.87
4.393 57.895
4.394 57.92
4.395 57.95
4.396 57.975
4.397 58.0
4.398 58.025
4.399 58.055
4.4 58.08
4.401 58.105
4.402 58.135
4.403 58.16
4.404 58.185
4.405 58.215
4.406 58.24
4.407 58.265
4.408 58.29
4.409 58.315
4.41 58.345
4.411 58.37
4.412 58.395
4.413 58.425
4.414 58.45
4.415 58.475
4.416 58.505
4.417 58.53
4.418 58.555
4.419 58.585
4.42 58.61
4.421 58.635
4.422 58.66
4.423 58.69
4.424 58.72
4.425 58.74
4.426 58.765
4.427 58.795
4.428 58.825
4.429 58.85
4.43 58.87
4.431 58.9
4.432 58.93
4.433 58.955
4.434 58.98
4.435 59.005
4.436 59.035
4.437 59.065
4.438 59.09
4.439 59.11
4.44 59.14
4.441 59.17
4.442 59.195
4.443 59.22
4.444 59.245
4.445 59.275
4.446 59.3
4.447 59.325
4.448 59.355
4.449 59.385
4.45 59.41
4.451 59.43
4.452 59.46
4.453 59.49
4.454 59.515
4.455 59.54
4.456 59.565
4.457 59.595
4.458 59.62
4.459 59.65
4.46 59.675
4.461 59.7
4.462 59.73
4.463 59.755
4.464 59.78
4.465 59.81
4.466 59.84
4.467 59.86
4.468 59.885
4.469 59.915
4.47 59.945
4.471 59.97
4.472 59.995
4.473 60.025
4.474 60.05
4.475 60.075
4.476 60.105
4.477 60.13
4.478 60.155
4.479 60.185
4.48 60.215
4.481 60.24
4.482 60.265
4.483 60.29
4.484 60.315
4.485 60.345
4.486 60.375
4.487 60.4
4.488 60.425
4.489 60.455
4.49 60.48
4.491 60.505
4.492 60.535
4.493 60.565
4.494 60.59
4.495 60.615
4.496 60.64
4.497 60.665
4.498 60.695
4.499 60.725
4.5 60.75
4.501 60.775
4.502 60.805
4.503 60.835
4.504 60.86
4.505 60.885
4.506 60.91
4.507 60.935
4.508 60.965
4.509 60.995
4.51 61.02
4.511 61.05
4.512 61.075
4.513 61.1
4.514 61.13
4.515 61.155
4.516 61.185
4.517 61.21
4.518 61.235
4.519 61.265
4.52 61.29
4.521 61.315
4.522 61.345
4.523 61.375
4.524 61.4
4.525 61.425
4.526 61.455
4.527 61.485
4.528 61.51
4.529 61.535
4.53 61.56
4.531 61.59
4.532 61.62
4.533 61.645
4.534 61.67
4.535 61.695
4.536 61.725
4.537 61.755
4.538 61.78
4.539 61.805
4.54 61.835
4.541 61.865
4.542 61.89
4.543 61.915
4.544 61.945
4.545 61.97
4.546 62.0
4.547 62.025
4.548 62.05
4.549 62.08
4.55 62.11
4.551 62.135
4.552 62.16
4.553 62.19
4.554 62.215
4.555 62.245
4.556 62.275
4.557 62.3
4.558 62.325
4.559 62.355
4.56 62.38
4.561 62.405
4.562 62.435
4.563 62.465
4.564 62.49
4.565 62.515
4.566 62.545
4.567 62.575
4.568 62.6
4.569 62.625
4.57 62.655
4.571 62.685
4.572 62.71
4.573 62.735
4.574 62.765
4.575 62.79
4.576 62.82
4.577 62.85
4.578 62.875
4.579 62.9
4.58 62.925
4.581 62.96
4.582 62.985
4.583 63.01
4.584 63.04
4.585 63.065
4.586 63.095
4.587 63.125
4.588 63.15
4.589 63.175
4.59 63.205
4.591 63.23
4.592 63.26
4.593 63.29
4.594 63.31
4.595 63.34
4.596 63.37
4.597 63.4
4.598 63.425
4.599 63.45
4.6 63.48
4.601 63.51
4.602 63.535
4.603 63.56
4.604 63.595
4.605 63.62
4.606 63.645
4.607 63.67
4.608 63.7
4.609 63.73
4.61 63.755
4.611 63.785
4.612 63.81
4.613 63.84
4.614 63.87
4.615 63.895
4.616 63.92
4.617 63.95
4.618 63.98
4.619 64.005
4.62 64.035
4.621 64.06
4.622 64.085
4.623 64.115
4.624 64.145
4.625 64.175
4.626 64.2
4.627 64.225
4.628 64.255
4.629 64.285
4.63 64.31
4.631 64.335
4.632 64.365
4.633 64.395
4.634 64.425
4.635 64.45
4.636 64.475
4.637 64.505
4.638 64.535
4.639 64.56
4.64 64.59
4.641 64.63
4.642 64.625
4.643 64.65
4.644 64.7
4.645 64.75
4.646 64.75
4.647 64.75
4.648 64.85
4.649 64.85
4.65 64.85
4.651 64.9
4.652 64.95
4.653 64.95
4.654 64.95
4.655 65.0
4.656 65.05
4.657 65.1
4.658 65.1
4.659 65.1
4.66 65.15
4.661 65.15
4.662 65.2
4.663 65.25
4.664 65.25
4.665 65.3
4.666 65.3
4.667 65.35
4.668 65.4
4.669 65.4
4.67 65.4
4.671 65.45
4.672 65.5
4.673 65.5
4.674 65.5
4.675 65.55
4.676 65.6
4.677 65.65
4.678 65.65
4.679 65.65
4.68 65.75
4.681 65.75
4.682 65.75
4.683 65.8
4.684 65.8
4.685 65.85
4.686 65.9
4.687 65.9
4.688 65.9
4.689 65.95
4.69 66.0
4.691 66.0
4.692 66.05
4.693 66.1
4.694 66.1
4.695 66.1
4.696 66.15
4.697 66.2
4.698 66.2
4.699 66.25
4.7 66.3
4.701 66.3
4.702 66.3
4.703 66.35
4.704 66.4
4.705 66.4
4.706 66.45
4.707 66.5
4.708 66.5
4.709 66.5
4.71 66.55
4.711 66.6
4.712 66.6
4.713 66.6
4.714 66.65
4.715 66.7
4.716 66.75
4.717 66.75
4.718 66.75
4.719 66.8
4.72 66.85
4.721 66.9
4.722 66.9
4.723 66.9
4.724 66.95
4.725 67.0
4.726 67.0
4.727 67.0
4.728 67.05
4.729 67.1
4.73 67.1
4.731 67.15
4.732 67.2
4.733 67.2
4.734 67.25
4.735 67.25
4.736 67.25
4.737 67.35
4.738 67.35
4.739 67.35
4.74 67.4
4.741 67.45
4.742 67.5
4.743 67.5
4.744 67.5
4.745 67.55
4.746 67.55
4.747 67.6
4.748 67.65
4.749 67.65
4.75 67.7
4.751 67.7
4.752 67.75
4.753 67.8
4.754 67.8
4.755 67.8
4.756 67.85
4.757 67.9
4.758 67.9
4.759 67.95
4.76 68.0
4.761 68.0
4.762 68.0
4.763 68.05
4.764 68.1
4.765 68.1
4.766 68.15
4.767 68.2
4.768 68.2
4.769 68.2
4.77 68.25
4.771 68.3
4.772 68.3
4.773 68.35
4.774 68.4
4.775 68.4
4.776 68.4
4.777 68.45
4.778 68.5
4.779 68.55
4.78 68.55
4.781 68.55
4.782 68.6
4.783 68.65
4.784 68.65
4.785 68.65
4.786 68.75
4.787 68.75
4.788 68.75
4.789 68.8
4.79 68.85
4.791 68.9
4.792 68.9
4.793 68.9
4.794 68.95
4.795 69.0
4.796 69.0
4.797 69.0
4.798 69.05
4.799 69.1
4.8 69.1
4.801 69.15
4.802 69.2
4.803 69.2
4.804 69.25
4.805 69.25
4.806 69.25
4.807 69.35
4.808 69.35
4.809 69.35
4.81 69.45
4.811 69.45
4.812 69.45
4.813 69.5
4.814 69.5
4.815 69.55
4.816 69.6
4.817 69.6
4.818 69.65
4.819 69.7
4.82 69.7
4.821 69.7
4.822 69.75
4.823 69.8
4.824 69.8
4.825 69.85
4.826 69.9
4.827 69.9
4.828 69.9
4.829 69.95
4.83 70.0
4.831 70.0
4.832 70.05
4.833 70.1
4.834 70.1
4.835 70.1
4.836 70.15
4.837 70.2
4.838 70.2
4.839 70.25
4.84 70.3
4.841 70.3
4.842 70.35
4.843 70.35
4.844 70.4
4.845 70.45
4.846 70.45
4.847 70.45
4.848 70.5
4.849 70.55
4.85 70.55
4.851 70.6
4.852 70.65
4.853 70.65
4.854 70.65
4.855 70.75
4.856 70.75
4.857 70.75
4.858 70.8
4.859 70.85
4.86 70.85
4.861 70.85
4.862 70.95
4.863 70.95
4.864 70.95
4.865 71.0
4.866 71.05
4.867 71.1
4.868 71.1
4.869 71.1
4.87 71.15
4.871 71.2
4.872 71.2
4.873 71.2
4.874 71.25
4.875 71.3
4.876 71.35
4.877 71.35
4.878 71.35
4.879 71.45
4.88 71.45
4.881 71.45
4.882 71.5
4.883 71.55
4.884 71.6
4.885 71.6
4.886 71.6
4.887 71.65
4.888 71.65
4.889 71.7
4.89 71.75
4.891 71.75
4.892 71.8
4.893 71.8
4.894 71.85
4.895 71.9
4.896 71.9
4.897 71.95
4.898 72.0
4.899 72.0
4.9 72.0
4.901 72.05
4.902 72.1
4.903 72.15
4.904 72.15
4.905 72.15
4.906 72.2
4.907 72.25
4.908 72.3
4.909 72.3
4.91 72.3
4.911 72.35
4.912 72.4
4.913 72.4
4.914 72.45
4.915 72.45
4.916 72.5
4.917 72.55
4.918 72.55
4.919 72.6
4.92 72.6
4.921 72.65
4.922 72.7
4.923 72.7
4.924 72.75
4.925 72.75
4.926 72.75
4.927 72.85
4.928 72.9
4.929 72.9
4.93 72.9
4.931 72.9
4.932 72.95
4.933 73.05
4.934 73.05
4.935 73.05
4.936 73.1
4.937 73.1
4.938 73.15
4.939 73.2
4.94 73.2
4.941 73.25
4.942 73.25
4.943 73.3
4.944 73.35
4.945 73.35
4.946 73.4
4.947 73.4
4.948 73.45
4.949 73.5
4.95 73.5
4.951 73.5
4.952 73.55
4.953 73.6
4.954 73.65
4.955 73.7
4.956 73.7
4.957 73.7
4.958 73.7
4.959 73.75
4.96 73.85
4.961 73.85
4.962 73.85
4.963 73.9
4.964 73.9
4.965 73.95
4.966 74.0
4.967 74.0
4.968 74.05
4.969 74.1
4.97 74.1
4.971 74.1
4.972 74.15
4.973 74.2
4.974 74.25
4.975 74.25
4.976 74.25
4.977 74.3
4.978 74.35
4.979 74.4
4.98 74.4
4.981 74.45
4.982 74.45
4.983 74.45
4.984 74.55
4.985 74.55
4.986 74.55
4.987 74.65
4.988 74.65
4.989 74.65
4.99 74.7
4.991 74.75
4.992 74.75
4.993 74.75
4.994 74.85
4.995 74.85
4.996 74.85
4.997 74.95
4.998 74.95
4.999 74.95
5.0 75.0
